800x800-30o-2t-no-proj:
    activation_fn: tanh
    batch_size: 64
    clip_range: 0.1
    ent_coef: 0.010482633174706504
    gae_lambda: 0.8
    gamma: 0.9
    learning_rate: 2.263320481424582e-05
    max_grad_norm: 0.3
    n_epochs: 5
    n_steps: 512
    net_arch: medium
    vf_coef: 0.8148074616228129

config_2:
    clip_range: 0.3
    ent_coef: 0.0019694798370554207
    gae_lambda: 0.9
    gamma: 0.9999
    learning_rate: 1.2188370022818374e-05
    max_grad_norm: 0.8
    n_epochs: 5
    n_steps: 64
    vf_coef: 0.5709964204264004
    net_arch: medium
    activation_fn: tanh
    